(kicad_pcb (version 20171130) (host pcbnew "(5.1.10)-1")

  (general
    (thickness 1.6)
    (drawings 22)
    (tracks 396)
    (zones 0)
    (modules 21)
    (nets 94)
  )

  (page A4)
  (layers
    (0 F.Cu signal)
    (31 B.Cu signal)
    (32 B.Adhes user)
    (33 F.Adhes user)
    (34 B.Paste user)
    (35 F.Paste user)
    (36 B.SilkS user)
    (37 F.SilkS user)
    (38 B.Mask user)
    (39 F.Mask user)
    (40 Dwgs.User user)
    (41 Cmts.User user)
    (42 Eco1.User user)
    (43 Eco2.User user)
    (44 Edge.Cuts user)
    (45 Margin user)
    (46 B.CrtYd user)
    (47 F.CrtYd user)
    (48 B.Fab user)
    (49 F.Fab user)
  )

  (setup
    (last_trace_width 0.25)
    (trace_clearance 0.2)
    (zone_clearance 0.2032)
    (zone_45_only no)
    (trace_min 0.2)
    (via_size 0.6)
    (via_drill 0.4)
    (via_min_size 0.4)
    (via_min_drill 0.3)
    (uvia_size 0.3)
    (uvia_drill 0.1)
    (uvias_allowed no)
    (uvia_min_size 0.2)
    (uvia_min_drill 0.1)
    (edge_width 0.15)
    (segment_width 0.2)
    (pcb_text_width 0.3)
    (pcb_text_size 1.5 1.5)
    (mod_edge_width 0.15)
    (mod_text_size 1 1)
    (mod_text_width 0.15)
    (pad_size 1 0.5)
    (pad_drill 0)
    (pad_to_mask_clearance 0.2)
    (aux_axis_origin 0 0)
    (visible_elements 7FFFFFFF)
    (pcbplotparams
      (layerselection 0x010f0_80000001)
      (usegerberextensions true)
      (usegerberattributes true)
      (usegerberadvancedattributes true)
      (creategerberjobfile true)
      (excludeedgelayer true)
      (linewidth 0.100000)
      (plotframeref false)
      (viasonmask false)
      (mode 1)
      (useauxorigin false)
      (hpglpennumber 1)
      (hpglpenspeed 20)
      (hpglpendiameter 15.000000)
      (psnegative false)
      (psa4output false)
      (plotreference true)
      (plotvalue true)
      (plotinvisibletext false)
      (padsonsilk false)
      (subtractmaskfromsilk true)
      (outputformat 1)
      (mirror false)
      (drillshape 0)
      (scaleselection 1)
      (outputdirectory "cam/"))
  )

  (net 0 "")
  (net 1 GND)
  (net 2 "Net-(C1-Pad1)")
  (net 3 "Net-(C2-Pad1)")
  (net 4 "Net-(C3-Pad1)")
  (net 5 +3V3)
  (net 6 +5V)
  (net 7 /D4)
  (net 8 /D3)
  (net 9 /D2)
  (net 10 /D1)
  (net 11 /D0)
  (net 12 /A0)
  (net 13 /A1)
  (net 14 /A2)
  (net 15 /A3)
  (net 16 /A4)
  (net 17 /A5)
  (net 18 /A6)
  (net 19 /A7)
  (net 20 /D5)
  (net 21 /D6)
  (net 22 /D7)
  (net 23 /A12)
  (net 24 /A10)
  (net 25 /A11)
  (net 26 /A9)
  (net 27 /A8)
  (net 28 /DO)
  (net 29 /SCK)
  (net 30 /DI)
  (net 31 /CS)
  (net 32 /SWDIO)
  (net 33 /~RST)
  (net 34 /SWCLK)
  (net 35 /PAL60)
  (net 36 /PAL)
  (net 37 "Net-(J2-Pad8)")
  (net 38 "Net-(J2-Pad1)")
  (net 39 "Net-(J3-Pad6)")
  (net 40 "Net-(U1-Pad1)")
  (net 41 "Net-(U1-Pad2)")
  (net 42 "Net-(U1-Pad3)")
  (net 43 "Net-(U1-Pad4)")
  (net 44 "Net-(U1-Pad5)")
  (net 45 "Net-(U1-Pad7)")
  (net 46 "Net-(U1-Pad8)")
  (net 47 "Net-(U1-Pad9)")
  (net 48 "Net-(U1-Pad12)")
  (net 49 "Net-(U1-Pad13)")
  (net 50 "Net-(U1-Pad17)")
  (net 51 "Net-(U1-Pad18)")
  (net 52 "Net-(U1-Pad23)")
  (net 53 "Net-(U1-Pad24)")
  (net 54 "Net-(U1-Pad25)")
  (net 55 "Net-(U1-Pad26)")
  (net 56 "Net-(U1-Pad29)")
  (net 57 "Net-(U1-Pad30)")
  (net 58 "Net-(U1-Pad31)")
  (net 59 "Net-(U1-Pad32)")
  (net 60 "Net-(U1-Pad33)")
  (net 61 "Net-(U1-Pad34)")
  (net 62 "Net-(U1-Pad35)")
  (net 63 "Net-(U1-Pad36)")
  (net 64 "Net-(U1-Pad37)")
  (net 65 "Net-(U1-Pad38)")
  (net 66 "Net-(U1-Pad47)")
  (net 67 "Net-(U1-Pad48)")
  (net 68 "Net-(U1-Pad51)")
  (net 69 "Net-(U1-Pad60)")
  (net 70 "Net-(U1-Pad61)")
  (net 71 "Net-(U1-Pad62)")
  (net 72 "Net-(U1-Pad63)")
  (net 73 "Net-(U1-Pad64)")
  (net 74 "Net-(U1-Pad65)")
  (net 75 "Net-(U1-Pad66)")
  (net 76 "Net-(U1-Pad67)")
  (net 77 "Net-(U1-Pad68)")
  (net 78 "Net-(U1-Pad69)")
  (net 79 "Net-(U1-Pad70)")
  (net 80 "Net-(U1-Pad71)")
  (net 81 "Net-(U1-Pad77)")
  (net 82 "Net-(U1-Pad78)")
  (net 83 "Net-(U1-Pad79)")
  (net 84 "Net-(U1-Pad80)")
  (net 85 "Net-(U1-Pad89)")
  (net 86 "Net-(U1-Pad90)")
  (net 87 "Net-(U1-Pad92)")
  (net 88 "Net-(U1-Pad93)")
  (net 89 "Net-(U1-Pad95)")
  (net 90 "Net-(U1-Pad96)")
  (net 91 "Net-(U1-Pad97)")
  (net 92 "Net-(U1-Pad98)")
  (net 93 "Net-(U2-Pad4)")

  (net_class Default "This is the default net class."
    (clearance 0.2)
    (trace_width 0.25)
    (via_dia 0.6)
    (via_drill 0.4)
    (uvia_dia 0.3)
    (uvia_drill 0.1)
    (add_net +3V3)
    (add_net +5V)
    (add_net /A0)
    (add_net /A1)
    (add_net /A10)
    (add_net /A11)
    (add_net /A12)
    (add_net /A2)
    (add_net /A3)
    (add_net /A4)
    (add_net /A5)
    (add_net /A6)
    (add_net /A7)
    (add_net /A8)
    (add_net /A9)
    (add_net /CS)
    (add_net /D0)
    (add_net /D1)
    (add_net /D2)
    (add_net /D3)
    (add_net /D4)
    (add_net /D5)
    (add_net /D6)
    (add_net /D7)
    (add_net /DI)
    (add_net /DO)
    (add_net /PAL)
    (add_net /PAL60)
    (add_net /SCK)
    (add_net /SWCLK)
    (add_net /SWDIO)
    (add_net /~RST)
    (add_net GND)
    (add_net "Net-(C1-Pad1)")
    (add_net "Net-(C2-Pad1)")
    (add_net "Net-(C3-Pad1)")
    (add_net "Net-(J2-Pad1)")
    (add_net "Net-(J2-Pad8)")
    (add_net "Net-(J3-Pad6)")
    (add_net "Net-(U1-Pad1)")
    (add_net "Net-(U1-Pad12)")
    (add_net "Net-(U1-Pad13)")
    (add_net "Net-(U1-Pad17)")
    (add_net "Net-(U1-Pad18)")
    (add_net "Net-(U1-Pad2)")
    (add_net "Net-(U1-Pad23)")
    (add_net "Net-(U1-Pad24)")
    (add_net "Net-(U1-Pad25)")
    (add_net "Net-(U1-Pad26)")
    (add_net "Net-(U1-Pad29)")
    (add_net "Net-(U1-Pad3)")
    (add_net "Net-(U1-Pad30)")
    (add_net "Net-(U1-Pad31)")
    (add_net "Net-(U1-Pad32)")
    (add_net "Net-(U1-Pad33)")
    (add_net "Net-(U1-Pad34)")
    (add_net "Net-(U1-Pad35)")
    (add_net "Net-(U1-Pad36)")
    (add_net "Net-(U1-Pad37)")
    (add_net "Net-(U1-Pad38)")
    (add_net "Net-(U1-Pad4)")
    (add_net "Net-(U1-Pad47)")
    (add_net "Net-(U1-Pad48)")
    (add_net "Net-(U1-Pad5)")
    (add_net "Net-(U1-Pad51)")
    (add_net "Net-(U1-Pad60)")
    (add_net "Net-(U1-Pad61)")
    (add_net "Net-(U1-Pad62)")
    (add_net "Net-(U1-Pad63)")
    (add_net "Net-(U1-Pad64)")
    (add_net "Net-(U1-Pad65)")
    (add_net "Net-(U1-Pad66)")
    (add_net "Net-(U1-Pad67)")
    (add_net "Net-(U1-Pad68)")
    (add_net "Net-(U1-Pad69)")
    (add_net "Net-(U1-Pad7)")
    (add_net "Net-(U1-Pad70)")
    (add_net "Net-(U1-Pad71)")
    (add_net "Net-(U1-Pad77)")
    (add_net "Net-(U1-Pad78)")
    (add_net "Net-(U1-Pad79)")
    (add_net "Net-(U1-Pad8)")
    (add_net "Net-(U1-Pad80)")
    (add_net "Net-(U1-Pad89)")
    (add_net "Net-(U1-Pad9)")
    (add_net "Net-(U1-Pad90)")
    (add_net "Net-(U1-Pad92)")
    (add_net "Net-(U1-Pad93)")
    (add_net "Net-(U1-Pad95)")
    (add_net "Net-(U1-Pad96)")
    (add_net "Net-(U1-Pad97)")
    (add_net "Net-(U1-Pad98)")
    (add_net "Net-(U2-Pad4)")
  )

  (module unocart-2600:microSD_HRO_TF_01A (layer F.Cu) (tedit 613832F0) (tstamp 61383D24)
    (at 100 19.939 180)
    (tags "microSD SD HRO")
    (path /5BAC69FD)
    (attr smd)
    (fp_text reference J2 (at 0 -7.18) (layer F.SilkS) hide
      (effects (font (size 1 1) (thickness 0.15)))
    )
    (fp_text value Micro_SD_Card (at 0 7.39) (layer F.Fab) hide
      (effects (font (size 1 1) (thickness 0.15)))
    )
    (fp_text user %R (at 0 0) (layer F.Fab) hide
      (effects (font (size 1 1) (thickness 0.15)))
    )
    (fp_line (start 8.7122 -8.4836) (end -8.8392 -8.4836) (layer F.CrtYd) (width 0.05))
    (fp_line (start 8.7122 7.4422) (end 8.7122 -8.4836) (layer F.CrtYd) (width 0.05))
    (fp_line (start -8.8646 7.4676) (end 8.7122 7.4422) (layer F.CrtYd) (width 0.05))
    (fp_line (start -8.8646 -8.4836) (end -8.8646 7.4676) (layer F.CrtYd) (width 0.05))
    (fp_line (start -6.6548 9.9832) (end -6.6548 6.4516) (layer F.Fab) (width 0.15))
    (fp_line (start 3.5814 9.9922) (end 3.5814 7.4422) (layer F.Fab) (width 0.15))
    (fp_line (start 3.556 9.9822) (end -6.644 9.9822) (layer F.Fab) (width 0.15))
    (fp_line (start -7.366 6.2738) (end -7.366 4.5974) (layer F.SilkS) (width 0.12))
    (fp_line (start 3.588 7.4667) (end 1.7715 6.37467) (layer F.SilkS) (width 0.12))
    (fp_line (start -7.366 6.37) (end 1.7715 6.37) (layer F.SilkS) (width 0.12))
    (fp_line (start -7.366 -5.461) (end -7.366 1.4712) (layer F.SilkS) (width 0.12))
    (fp_line (start 7.62 1.522) (end 7.62 -5.7658) (layer F.SilkS) (width 0.12))
    (fp_line (start 7.62 7.466) (end 7.62 4.5) (layer F.SilkS) (width 0.12))
    (fp_line (start 3.588 7.466) (end 7.62 7.466) (layer F.SilkS) (width 0.12))
    (fp_line (start 2.8194 -7.5) (end 5.9182 -7.5) (layer F.SilkS) (width 0.12))
    (pad 9 smd rect (at 7.75 2.95 180) (size 1.2 2.2) (layers F.Cu F.Paste F.Mask)
      (net 1 GND))
    (pad 9 smd rect (at -7.75 2.95 180) (size 1.2 2.2) (layers F.Cu F.Paste F.Mask)
      (net 1 GND))
    (pad 9 smd rect (at -8 -6.65 180) (size 1.4 1.6) (layers F.Cu F.Paste F.Mask)
      (net 1 GND))
    (pad 9 smd rect (at 6.85 -6.65 180) (size 1.4 1.6) (layers F.Cu F.Paste F.Mask)
      (net 1 GND))
    (pad 2 smd rect (at 1.15 -7.45 180) (size 0.7 1.5) (layers F.Cu F.Paste F.Mask)
      (net 31 /CS))
    (pad 3 smd rect (at -0.05 -7.45 180) (size 0.7 1.5) (layers F.Cu F.Paste F.Mask)
      (net 30 /DI))
    (pad 4 smd rect (at -1.05 -7.45 180) (size 0.7 1.5) (layers F.Cu F.Paste F.Mask)
      (net 5 +3V3))
    (pad 5 smd rect (at -2.15 -7.45 180) (size 0.7 1.5) (layers F.Cu F.Paste F.Mask)
      (net 29 /SCK))
    (pad 6 smd rect (at -3.25 -7.45 180) (size 0.7 1.5) (layers F.Cu F.Paste F.Mask)
      (net 1 GND))
    (pad 7 smd rect (at -4.35 -7.45 180) (size 0.7 1.5) (layers F.Cu F.Paste F.Mask)
      (net 28 /DO))
    (pad 1 smd rect (at 2.25 -7.45 180) (size 0.7 1.5) (layers F.Cu F.Paste F.Mask)
      (net 38 "Net-(J2-Pad1)"))
    (pad 8 smd rect (at -5.45 -7.45 180) (size 0.7 1.5) (layers F.Cu F.Paste F.Mask)
      (net 37 "Net-(J2-Pad8)"))
    (pad 10 smd rect (at -6.55 -7.45 180) (size 0.7 1.5) (layers F.Cu F.Paste F.Mask))
    (pad "" np_thru_hole circle (at -4.95 3.35 180) (size 0.9 0.9) (drill 0.9) (layers *.Cu *.Mask))
    (pad "" np_thru_hole circle (at 3.05 3.35 180) (size 0.9 0.9) (drill 0.9) (layers *.Cu *.Mask))
    (model ${KISYS3DMOD}/Connector_Card.3dshapes/microSD_HC_Molex_104031-0811.wrl
      (at (xyz 0 0 0))
      (scale (xyz 1 1 1))
      (rotate (xyz 0 0 0))
    )
  )

  (module unocart-2600:2600-CARTRIDGE (layer F.Cu) (tedit 5BAC6BD7) (tstamp 5BAC6F97)
    (at 100 96.19)
    (path /5BAC535D)
    (fp_text reference J1 (at 0 -4.445) (layer F.SilkS)
      (effects (font (size 1 1) (thickness 0.15)))
    )
    (fp_text value Conn_02x12_Counter_Clockwise (at 0 -0.5) (layer F.Fab) hide
      (effects (font (size 1 1) (thickness 0.15)))
    )
    (pad 14 smd rect (at 11.43 0) (size 1.524 6.477) (layers B.Cu B.Paste B.Mask)
      (net 7 /D4))
    (pad 13 smd rect (at 13.97 0) (size 1.524 6.477) (layers B.Cu B.Paste B.Mask)
      (net 8 /D3))
    (pad 12 smd rect (at 13.97 0) (size 1.524 6.477) (layers F.Cu F.Paste F.Mask)
      (net 1 GND))
    (pad 11 smd rect (at 11.43 0) (size 1.524 6.477) (layers F.Cu F.Paste F.Mask)
      (net 9 /D2))
    (pad 10 smd rect (at 8.89 0) (size 1.524 6.477) (layers F.Cu F.Paste F.Mask)
      (net 10 /D1))
    (pad 9 smd rect (at 6.35 0) (size 1.524 6.477) (layers F.Cu F.Paste F.Mask)
      (net 11 /D0))
    (pad 8 smd rect (at 3.81 0) (size 1.524 6.477) (layers F.Cu F.Paste F.Mask)
      (net 12 /A0))
    (pad 7 smd rect (at 1.27 0) (size 1.524 6.477) (layers F.Cu F.Paste F.Mask)
      (net 13 /A1))
    (pad 6 smd rect (at -1.27 0) (size 1.524 6.477) (layers F.Cu F.Paste F.Mask)
      (net 14 /A2))
    (pad 5 smd rect (at -3.81 0) (size 1.524 6.477) (layers F.Cu F.Paste F.Mask)
      (net 15 /A3))
    (pad 4 smd rect (at -6.35 0) (size 1.524 6.477) (layers F.Cu F.Paste F.Mask)
      (net 16 /A4))
    (pad 3 smd rect (at -8.89 0) (size 1.524 6.477) (layers F.Cu F.Paste F.Mask)
      (net 17 /A5))
    (pad 2 smd rect (at -11.43 0) (size 1.524 6.477) (layers F.Cu F.Paste F.Mask)
      (net 18 /A6))
    (pad 1 smd rect (at -13.97 0) (size 1.524 6.477) (layers F.Cu F.Paste F.Mask)
      (net 19 /A7))
    (pad 15 smd rect (at 8.89 0) (size 1.524 6.477) (layers B.Cu B.Paste B.Mask)
      (net 20 /D5))
    (pad 16 smd rect (at 6.35 0) (size 1.524 6.477) (layers B.Cu B.Paste B.Mask)
      (net 21 /D6))
    (pad 17 smd rect (at 3.81 0) (size 1.524 6.477) (layers B.Cu B.Paste B.Mask)
      (net 22 /D7))
    (pad 18 smd rect (at 1.27 0) (size 1.524 6.477) (layers B.Cu B.Paste B.Mask)
      (net 23 /A12))
    (pad 19 smd rect (at -1.27 0) (size 1.524 6.477) (layers B.Cu B.Paste B.Mask)
      (net 24 /A10))
    (pad 20 smd rect (at -3.81 0) (size 1.524 6.477) (layers B.Cu B.Paste B.Mask)
      (net 25 /A11))
    (pad 21 smd rect (at -6.35 0) (size 1.524 6.477) (layers B.Cu B.Paste B.Mask)
      (net 26 /A9))
    (pad 22 smd rect (at -8.89 0) (size 1.524 6.477) (layers B.Cu B.Paste B.Mask)
      (net 27 /A8))
    (pad 23 smd rect (at -11.43 0) (size 1.524 6.477) (layers B.Cu B.Paste B.Mask)
      (net 6 +5V))
    (pad 24 smd rect (at -13.97 0) (size 1.524 6.477) (layers B.Cu B.Paste B.Mask)
      (net 1 GND))
  )

  (module Capacitor_SMD:C_0603_1608Metric (layer F.Cu) (tedit 5F68FEEE) (tstamp 6138574E)
    (at 110.998 76.962)
    (descr "Capacitor SMD 0603 (1608 Metric), square (rectangular) end terminal, IPC_7351 nominal, (Body size source: IPC-SM-782 page 76, https://www.pcb-3d.com/wordpress/wp-content/uploads/ipc-sm-782a_amendment_1_and_2.pdf), generated with kicad-footprint-generator")
    (tags capacitor)
    (path /5BAC6388)
    (attr smd)
    (fp_text reference C1 (at 3.556 0) (layer F.SilkS)
      (effects (font (size 1 1) (thickness 0.15)))
    )
    (fp_text value 2.2u (at 0 1.43) (layer F.Fab)
      (effects (font (size 1 1) (thickness 0.15)))
    )
    (fp_text user %R (at 0 0) (layer F.Fab)
      (effects (font (size 0.4 0.4) (thickness 0.06)))
    )
    (fp_line (start -0.8 0.4) (end -0.8 -0.4) (layer F.Fab) (width 0.1))
    (fp_line (start -0.8 -0.4) (end 0.8 -0.4) (layer F.Fab) (width 0.1))
    (fp_line (start 0.8 -0.4) (end 0.8 0.4) (layer F.Fab) (width 0.1))
    (fp_line (start 0.8 0.4) (end -0.8 0.4) (layer F.Fab) (width 0.1))
    (fp_line (start -0.14058 -0.51) (end 0.14058 -0.51) (layer F.SilkS) (width 0.12))
    (fp_line (start -0.14058 0.51) (end 0.14058 0.51) (layer F.SilkS) (width 0.12))
    (fp_line (start -1.48 0.73) (end -1.48 -0.73) (layer F.CrtYd) (width 0.05))
    (fp_line (start -1.48 -0.73) (end 1.48 -0.73) (layer F.CrtYd) (width 0.05))
    (fp_line (start 1.48 -0.73) (end 1.48 0.73) (layer F.CrtYd) (width 0.05))
    (fp_line (start 1.48 0.73) (end -1.48 0.73) (layer F.CrtYd) (width 0.05))
    (pad 2 smd roundrect (at 0.775 0) (size 0.9 0.95) (layers F.Cu F.Paste F.Mask) (roundrect_rratio 0.25)
      (net 1 GND))
    (pad 1 smd roundrect (at -0.775 0) (size 0.9 0.95) (layers F.Cu F.Paste F.Mask) (roundrect_rratio 0.25)
      (net 2 "Net-(C1-Pad1)"))
    (model ${KISYS3DMOD}/Capacitor_SMD.3dshapes/C_0603_1608Metric.wrl
      (at (xyz 0 0 0))
      (scale (xyz 1 1 1))
      (rotate (xyz 0 0 0))
    )
  )

  (module Capacitor_SMD:C_0603_1608Metric (layer F.Cu) (tedit 5F68FEEE) (tstamp 6138568E)
    (at 110.8 63.97)
    (descr "Capacitor SMD 0603 (1608 Metric), square (rectangular) end terminal, IPC_7351 nominal, (Body size source: IPC-SM-782 page 76, https://www.pcb-3d.com/wordpress/wp-content/uploads/ipc-sm-782a_amendment_1_and_2.pdf), generated with kicad-footprint-generator")
    (tags capacitor)
    (path /5BAC631F)
    (attr smd)
    (fp_text reference C2 (at 0 1.562) (layer F.SilkS)
      (effects (font (size 1 1) (thickness 0.15)))
    )
    (fp_text value 2.2u (at 0 1.43) (layer F.Fab)
      (effects (font (size 1 1) (thickness 0.15)))
    )
    (fp_text user %R (at 0 0) (layer F.Fab)
      (effects (font (size 0.4 0.4) (thickness 0.06)))
    )
    (fp_line (start -0.8 0.4) (end -0.8 -0.4) (layer F.Fab) (width 0.1))
    (fp_line (start -0.8 -0.4) (end 0.8 -0.4) (layer F.Fab) (width 0.1))
    (fp_line (start 0.8 -0.4) (end 0.8 0.4) (layer F.Fab) (width 0.1))
    (fp_line (start 0.8 0.4) (end -0.8 0.4) (layer F.Fab) (width 0.1))
    (fp_line (start -0.14058 -0.51) (end 0.14058 -0.51) (layer F.SilkS) (width 0.12))
    (fp_line (start -0.14058 0.51) (end 0.14058 0.51) (layer F.SilkS) (width 0.12))
    (fp_line (start -1.48 0.73) (end -1.48 -0.73) (layer F.CrtYd) (width 0.05))
    (fp_line (start -1.48 -0.73) (end 1.48 -0.73) (layer F.CrtYd) (width 0.05))
    (fp_line (start 1.48 -0.73) (end 1.48 0.73) (layer F.CrtYd) (width 0.05))
    (fp_line (start 1.48 0.73) (end -1.48 0.73) (layer F.CrtYd) (width 0.05))
    (pad 2 smd roundrect (at 0.775 0) (size 0.9 0.95) (layers F.Cu F.Paste F.Mask) (roundrect_rratio 0.25)
      (net 1 GND))
    (pad 1 smd roundrect (at -0.775 0) (size 0.9 0.95) (layers F.Cu F.Paste F.Mask) (roundrect_rratio 0.25)
      (net 3 "Net-(C2-Pad1)"))
    (model ${KISYS3DMOD}/Capacitor_SMD.3dshapes/C_0603_1608Metric.wrl
      (at (xyz 0 0 0))
      (scale (xyz 1 1 1))
      (rotate (xyz 0 0 0))
    )
  )

  (module Capacitor_SMD:C_0603_1608Metric (layer F.Cu) (tedit 5F68FEEE) (tstamp 6138565E)
    (at 89.2 72.771 180)
    (descr "Capacitor SMD 0603 (1608 Metric), square (rectangular) end terminal, IPC_7351 nominal, (Body size source: IPC-SM-782 page 76, https://www.pcb-3d.com/wordpress/wp-content/uploads/ipc-sm-782a_amendment_1_and_2.pdf), generated with kicad-footprint-generator")
    (tags capacitor)
    (path /5BAC7185)
    (attr smd)
    (fp_text reference C3 (at 3.094 0) (layer F.SilkS)
      (effects (font (size 1 1) (thickness 0.15)))
    )
    (fp_text value 100n (at 0 1.43) (layer F.Fab)
      (effects (font (size 1 1) (thickness 0.15)))
    )
    (fp_line (start 1.48 0.73) (end -1.48 0.73) (layer F.CrtYd) (width 0.05))
    (fp_line (start 1.48 -0.73) (end 1.48 0.73) (layer F.CrtYd) (width 0.05))
    (fp_line (start -1.48 -0.73) (end 1.48 -0.73) (layer F.CrtYd) (width 0.05))
    (fp_line (start -1.48 0.73) (end -1.48 -0.73) (layer F.CrtYd) (width 0.05))
    (fp_line (start -0.14058 0.51) (end 0.14058 0.51) (layer F.SilkS) (width 0.12))
    (fp_line (start -0.14058 -0.51) (end 0.14058 -0.51) (layer F.SilkS) (width 0.12))
    (fp_line (start 0.8 0.4) (end -0.8 0.4) (layer F.Fab) (width 0.1))
    (fp_line (start 0.8 -0.4) (end 0.8 0.4) (layer F.Fab) (width 0.1))
    (fp_line (start -0.8 -0.4) (end 0.8 -0.4) (layer F.Fab) (width 0.1))
    (fp_line (start -0.8 0.4) (end -0.8 -0.4) (layer F.Fab) (width 0.1))
    (fp_text user %R (at 0 0) (layer F.Fab)
      (effects (font (size 0.4 0.4) (thickness 0.06)))
    )
    (pad 1 smd roundrect (at -0.775 0 180) (size 0.9 0.95) (layers F.Cu F.Paste F.Mask) (roundrect_rratio 0.25)
      (net 4 "Net-(C3-Pad1)"))
    (pad 2 smd roundrect (at 0.775 0 180) (size 0.9 0.95) (layers F.Cu F.Paste F.Mask) (roundrect_rratio 0.25)
      (net 1 GND))
    (model ${KISYS3DMOD}/Capacitor_SMD.3dshapes/C_0603_1608Metric.wrl
      (at (xyz 0 0 0))
      (scale (xyz 1 1 1))
      (rotate (xyz 0 0 0))
    )
  )

  (module Capacitor_SMD:C_0603_1608Metric (layer F.Cu) (tedit 5F68FEEE) (tstamp 61383C94)
    (at 95 80.137 270)
    (descr "Capacitor SMD 0603 (1608 Metric), square (rectangular) end terminal, IPC_7351 nominal, (Body size source: IPC-SM-782 page 76, https://www.pcb-3d.com/wordpress/wp-content/uploads/ipc-sm-782a_amendment_1_and_2.pdf), generated with kicad-footprint-generator")
    (tags capacitor)
    (path /5BAC74C6)
    (attr smd)
    (fp_text reference C5 (at 0 -1.43 90) (layer F.SilkS)
      (effects (font (size 1 1) (thickness 0.15)))
    )
    (fp_text value 100n (at 0 1.43 90) (layer F.Fab)
      (effects (font (size 1 1) (thickness 0.15)))
    )
    (fp_text user %R (at 0 0 90) (layer F.Fab)
      (effects (font (size 0.4 0.4) (thickness 0.06)))
    )
    (fp_line (start -0.8 0.4) (end -0.8 -0.4) (layer F.Fab) (width 0.1))
    (fp_line (start -0.8 -0.4) (end 0.8 -0.4) (layer F.Fab) (width 0.1))
    (fp_line (start 0.8 -0.4) (end 0.8 0.4) (layer F.Fab) (width 0.1))
    (fp_line (start 0.8 0.4) (end -0.8 0.4) (layer F.Fab) (width 0.1))
    (fp_line (start -0.14058 -0.51) (end 0.14058 -0.51) (layer F.SilkS) (width 0.12))
    (fp_line (start -0.14058 0.51) (end 0.14058 0.51) (layer F.SilkS) (width 0.12))
    (fp_line (start -1.48 0.73) (end -1.48 -0.73) (layer F.CrtYd) (width 0.05))
    (fp_line (start -1.48 -0.73) (end 1.48 -0.73) (layer F.CrtYd) (width 0.05))
    (fp_line (start 1.48 -0.73) (end 1.48 0.73) (layer F.CrtYd) (width 0.05))
    (fp_line (start 1.48 0.73) (end -1.48 0.73) (layer F.CrtYd) (width 0.05))
    (pad 2 smd roundrect (at 0.775 0 270) (size 0.9 0.95) (layers F.Cu F.Paste F.Mask) (roundrect_rratio 0.25)
      (net 1 GND))
    (pad 1 smd roundrect (at -0.775 0 270) (size 0.9 0.95) (layers F.Cu F.Paste F.Mask) (roundrect_rratio 0.25)
      (net 5 +3V3))
    (model ${KISYS3DMOD}/Capacitor_SMD.3dshapes/C_0603_1608Metric.wrl
      (at (xyz 0 0 0))
      (scale (xyz 1 1 1))
      (rotate (xyz 0 0 0))
    )
  )

  (module Capacitor_SMD:C_0603_1608Metric (layer F.Cu) (tedit 5F68FEEE) (tstamp 6138562E)
    (at 89.2 67.37 180)
    (descr "Capacitor SMD 0603 (1608 Metric), square (rectangular) end terminal, IPC_7351 nominal, (Body size source: IPC-SM-782 page 76, https://www.pcb-3d.com/wordpress/wp-content/uploads/ipc-sm-782a_amendment_1_and_2.pdf), generated with kicad-footprint-generator")
    (tags capacitor)
    (path /5BAC7459)
    (attr smd)
    (fp_text reference C6 (at 0 3.87) (layer F.SilkS)
      (effects (font (size 1 1) (thickness 0.15)))
    )
    (fp_text value 100n (at 0 1.43) (layer F.Fab)
      (effects (font (size 1 1) (thickness 0.15)))
    )
    (fp_line (start 1.48 0.73) (end -1.48 0.73) (layer F.CrtYd) (width 0.05))
    (fp_line (start 1.48 -0.73) (end 1.48 0.73) (layer F.CrtYd) (width 0.05))
    (fp_line (start -1.48 -0.73) (end 1.48 -0.73) (layer F.CrtYd) (width 0.05))
    (fp_line (start -1.48 0.73) (end -1.48 -0.73) (layer F.CrtYd) (width 0.05))
    (fp_line (start -0.14058 0.51) (end 0.14058 0.51) (layer F.SilkS) (width 0.12))
    (fp_line (start -0.14058 -0.51) (end 0.14058 -0.51) (layer F.SilkS) (width 0.12))
    (fp_line (start 0.8 0.4) (end -0.8 0.4) (layer F.Fab) (width 0.1))
    (fp_line (start 0.8 -0.4) (end 0.8 0.4) (layer F.Fab) (width 0.1))
    (fp_line (start -0.8 -0.4) (end 0.8 -0.4) (layer F.Fab) (width 0.1))
    (fp_line (start -0.8 0.4) (end -0.8 -0.4) (layer F.Fab) (width 0.1))
    (fp_text user %R (at 0 0) (layer F.Fab)
      (effects (font (size 0.4 0.4) (thickness 0.06)))
    )
    (pad 1 smd roundrect (at -0.775 0 180) (size 0.9 0.95) (layers F.Cu F.Paste F.Mask) (roundrect_rratio 0.25)
      (net 5 +3V3))
    (pad 2 smd roundrect (at 0.775 0 180) (size 0.9 0.95) (layers F.Cu F.Paste F.Mask) (roundrect_rratio 0.25)
      (net 1 GND))
    (model ${KISYS3DMOD}/Capacitor_SMD.3dshapes/C_0603_1608Metric.wrl
      (at (xyz 0 0 0))
      (scale (xyz 1 1 1))
      (rotate (xyz 0 0 0))
    )
  )

  (module Capacitor_SMD:C_0805_2012Metric (layer F.Cu) (tedit 5F68FEEE) (tstamp 6138577E)
    (at 85.27 66.57)
    (descr "Capacitor SMD 0805 (2012 Metric), square (rectangular) end terminal, IPC_7351 nominal, (Body size source: IPC-SM-782 page 76, https://www.pcb-3d.com/wordpress/wp-content/uploads/ipc-sm-782a_amendment_1_and_2.pdf, https://docs.google.com/spreadsheets/d/1BsfQQcO9C6DZCsRaXUlFlo91Tg2WpOkGARC1WS5S8t0/edit?usp=sharing), generated with kicad-footprint-generator")
    (tags capacitor)
    (path /5BAC8F6B)
    (attr smd)
    (fp_text reference C7 (at -2.847 -0.022) (layer F.SilkS)
      (effects (font (size 1 1) (thickness 0.15)))
    )
    (fp_text value 4.7u (at 0 1.68) (layer F.Fab)
      (effects (font (size 1 1) (thickness 0.15)))
    )
    (fp_line (start 1.7 0.98) (end -1.7 0.98) (layer F.CrtYd) (width 0.05))
    (fp_line (start 1.7 -0.98) (end 1.7 0.98) (layer F.CrtYd) (width 0.05))
    (fp_line (start -1.7 -0.98) (end 1.7 -0.98) (layer F.CrtYd) (width 0.05))
    (fp_line (start -1.7 0.98) (end -1.7 -0.98) (layer F.CrtYd) (width 0.05))
    (fp_line (start -0.261252 0.735) (end 0.261252 0.735) (layer F.SilkS) (width 0.12))
    (fp_line (start -0.261252 -0.735) (end 0.261252 -0.735) (layer F.SilkS) (width 0.12))
    (fp_line (start 1 0.625) (end -1 0.625) (layer F.Fab) (width 0.1))
    (fp_line (start 1 -0.625) (end 1 0.625) (layer F.Fab) (width 0.1))
    (fp_line (start -1 -0.625) (end 1 -0.625) (layer F.Fab) (width 0.1))
    (fp_line (start -1 0.625) (end -1 -0.625) (layer F.Fab) (width 0.1))
    (fp_text user %R (at 0 0) (layer F.Fab)
      (effects (font (size 0.5 0.5) (thickness 0.08)))
    )
    (pad 1 smd roundrect (at -0.95 0) (size 1 1.45) (layers F.Cu F.Paste F.Mask) (roundrect_rratio 0.25)
      (net 6 +5V))
    (pad 2 smd roundrect (at 0.95 0) (size 1 1.45) (layers F.Cu F.Paste F.Mask) (roundrect_rratio 0.25)
      (net 1 GND))
    (model ${KISYS3DMOD}/Capacitor_SMD.3dshapes/C_0805_2012Metric.wrl
      (at (xyz 0 0 0))
      (scale (xyz 1 1 1))
      (rotate (xyz 0 0 0))
    )
  )

  (module Capacitor_SMD:C_0603_1608Metric (layer F.Cu) (tedit 5F68FEEE) (tstamp 613856BE)
    (at 94 57.77 90)
    (descr "Capacitor SMD 0603 (1608 Metric), square (rectangular) end terminal, IPC_7351 nominal, (Body size source: IPC-SM-782 page 76, https://www.pcb-3d.com/wordpress/wp-content/uploads/ipc-sm-782a_amendment_1_and_2.pdf), generated with kicad-footprint-generator")
    (tags capacitor)
    (path /5BAC72B0)
    (attr smd)
    (fp_text reference C8 (at 0 -1.43 90) (layer F.SilkS)
      (effects (font (size 1 1) (thickness 0.15)))
    )
    (fp_text value 100n (at 0 1.43 90) (layer F.Fab)
      (effects (font (size 1 1) (thickness 0.15)))
    )
    (fp_text user %R (at 0 0 90) (layer F.Fab)
      (effects (font (size 0.4 0.4) (thickness 0.06)))
    )
    (fp_line (start -0.8 0.4) (end -0.8 -0.4) (layer F.Fab) (width 0.1))
    (fp_line (start -0.8 -0.4) (end 0.8 -0.4) (layer F.Fab) (width 0.1))
    (fp_line (start 0.8 -0.4) (end 0.8 0.4) (layer F.Fab) (width 0.1))
    (fp_line (start 0.8 0.4) (end -0.8 0.4) (layer F.Fab) (width 0.1))
    (fp_line (start -0.14058 -0.51) (end 0.14058 -0.51) (layer F.SilkS) (width 0.12))
    (fp_line (start -0.14058 0.51) (end 0.14058 0.51) (layer F.SilkS) (width 0.12))
    (fp_line (start -1.48 0.73) (end -1.48 -0.73) (layer F.CrtYd) (width 0.05))
    (fp_line (start -1.48 -0.73) (end 1.48 -0.73) (layer F.CrtYd) (width 0.05))
    (fp_line (start 1.48 -0.73) (end 1.48 0.73) (layer F.CrtYd) (width 0.05))
    (fp_line (start 1.48 0.73) (end -1.48 0.73) (layer F.CrtYd) (width 0.05))
    (pad 2 smd roundrect (at 0.775 0 90) (size 0.9 0.95) (layers F.Cu F.Paste F.Mask) (roundrect_rratio 0.25)
      (net 1 GND))
    (pad 1 smd roundrect (at -0.775 0 90) (size 0.9 0.95) (layers F.Cu F.Paste F.Mask) (roundrect_rratio 0.25)
      (net 5 +3V3))
    (model ${KISYS3DMOD}/Capacitor_SMD.3dshapes/C_0603_1608Metric.wrl
      (at (xyz 0 0 0))
      (scale (xyz 1 1 1))
      (rotate (xyz 0 0 0))
    )
  )

  (module Capacitor_SMD:C_0603_1608Metric (layer F.Cu) (tedit 5F68FEEE) (tstamp 6138571E)
    (at 89.2 64.97 180)
    (descr "Capacitor SMD 0603 (1608 Metric), square (rectangular) end terminal, IPC_7351 nominal, (Body size source: IPC-SM-782 page 76, https://www.pcb-3d.com/wordpress/wp-content/uploads/ipc-sm-782a_amendment_1_and_2.pdf), generated with kicad-footprint-generator")
    (tags capacitor)
    (path /5BAC73C6)
    (attr smd)
    (fp_text reference C9 (at 0 2.74) (layer F.SilkS)
      (effects (font (size 1 1) (thickness 0.15)))
    )
    (fp_text value 100n (at 0 1.43) (layer F.Fab)
      (effects (font (size 1 1) (thickness 0.15)))
    )
    (fp_line (start 1.48 0.73) (end -1.48 0.73) (layer F.CrtYd) (width 0.05))
    (fp_line (start 1.48 -0.73) (end 1.48 0.73) (layer F.CrtYd) (width 0.05))
    (fp_line (start -1.48 -0.73) (end 1.48 -0.73) (layer F.CrtYd) (width 0.05))
    (fp_line (start -1.48 0.73) (end -1.48 -0.73) (layer F.CrtYd) (width 0.05))
    (fp_line (start -0.14058 0.51) (end 0.14058 0.51) (layer F.SilkS) (width 0.12))
    (fp_line (start -0.14058 -0.51) (end 0.14058 -0.51) (layer F.SilkS) (width 0.12))
    (fp_line (start 0.8 0.4) (end -0.8 0.4) (layer F.Fab) (width 0.1))
    (fp_line (start 0.8 -0.4) (end 0.8 0.4) (layer F.Fab) (width 0.1))
    (fp_line (start -0.8 -0.4) (end 0.8 -0.4) (layer F.Fab) (width 0.1))
    (fp_line (start -0.8 0.4) (end -0.8 -0.4) (layer F.Fab) (width 0.1))
    (fp_text user %R (at 0 0) (layer F.Fab)
      (effects (font (size 0.4 0.4) (thickness 0.06)))
    )
    (pad 1 smd roundrect (at -0.775 0 180) (size 0.9 0.95) (layers F.Cu F.Paste F.Mask) (roundrect_rratio 0.25)
      (net 5 +3V3))
    (pad 2 smd roundrect (at 0.775 0 180) (size 0.9 0.95) (layers F.Cu F.Paste F.Mask) (roundrect_rratio 0.25)
      (net 1 GND))
    (model ${KISYS3DMOD}/Capacitor_SMD.3dshapes/C_0603_1608Metric.wrl
      (at (xyz 0 0 0))
      (scale (xyz 1 1 1))
      (rotate (xyz 0 0 0))
    )
  )

  (module Capacitor_SMD:C_0603_1608Metric (layer F.Cu) (tedit 5F68FEEE) (tstamp 613856EE)
    (at 110.8 62.17)
    (descr "Capacitor SMD 0603 (1608 Metric), square (rectangular) end terminal, IPC_7351 nominal, (Body size source: IPC-SM-782 page 76, https://www.pcb-3d.com/wordpress/wp-content/uploads/ipc-sm-782a_amendment_1_and_2.pdf), generated with kicad-footprint-generator")
    (tags capacitor)
    (path /5BAC741B)
    (attr smd)
    (fp_text reference C10 (at 0 -1.43) (layer F.SilkS)
      (effects (font (size 1 1) (thickness 0.15)))
    )
    (fp_text value 100n (at 0 1.43) (layer F.Fab)
      (effects (font (size 1 1) (thickness 0.15)))
    )
    (fp_text user %R (at 0 0) (layer F.Fab)
      (effects (font (size 0.4 0.4) (thickness 0.06)))
    )
    (fp_line (start -0.8 0.4) (end -0.8 -0.4) (layer F.Fab) (width 0.1))
    (fp_line (start -0.8 -0.4) (end 0.8 -0.4) (layer F.Fab) (width 0.1))
    (fp_line (start 0.8 -0.4) (end 0.8 0.4) (layer F.Fab) (width 0.1))
    (fp_line (start 0.8 0.4) (end -0.8 0.4) (layer F.Fab) (width 0.1))
    (fp_line (start -0.14058 -0.51) (end 0.14058 -0.51) (layer F.SilkS) (width 0.12))
    (fp_line (start -0.14058 0.51) (end 0.14058 0.51) (layer F.SilkS) (width 0.12))
    (fp_line (start -1.48 0.73) (end -1.48 -0.73) (layer F.CrtYd) (width 0.05))
    (fp_line (start -1.48 -0.73) (end 1.48 -0.73) (layer F.CrtYd) (width 0.05))
    (fp_line (start 1.48 -0.73) (end 1.48 0.73) (layer F.CrtYd) (width 0.05))
    (fp_line (start 1.48 0.73) (end -1.48 0.73) (layer F.CrtYd) (width 0.05))
    (pad 2 smd roundrect (at 0.775 0) (size 0.9 0.95) (layers F.Cu F.Paste F.Mask) (roundrect_rratio 0.25)
      (net 1 GND))
    (pad 1 smd roundrect (at -0.775 0) (size 0.9 0.95) (layers F.Cu F.Paste F.Mask) (roundrect_rratio 0.25)
      (net 5 +3V3))
    (model ${KISYS3DMOD}/Capacitor_SMD.3dshapes/C_0603_1608Metric.wrl
      (at (xyz 0 0 0))
      (scale (xyz 1 1 1))
      (rotate (xyz 0 0 0))
    )
  )

  (module Capacitor_SMD:C_0603_1608Metric (layer F.Cu) (tedit 5F68FEEE) (tstamp 6138559E)
    (at 111 75.37)
    (descr "Capacitor SMD 0603 (1608 Metric), square (rectangular) end terminal, IPC_7351 nominal, (Body size source: IPC-SM-782 page 76, https://www.pcb-3d.com/wordpress/wp-content/uploads/ipc-sm-782a_amendment_1_and_2.pdf), generated with kicad-footprint-generator")
    (tags capacitor)
    (path /5BAC75E6)
    (attr smd)
    (fp_text reference C11 (at 3.554 0.068) (layer F.SilkS)
      (effects (font (size 1 1) (thickness 0.15)))
    )
    (fp_text value 100n (at 0 1.43) (layer F.Fab)
      (effects (font (size 1 1) (thickness 0.15)))
    )
    (fp_line (start 1.48 0.73) (end -1.48 0.73) (layer F.CrtYd) (width 0.05))
    (fp_line (start 1.48 -0.73) (end 1.48 0.73) (layer F.CrtYd) (width 0.05))
    (fp_line (start -1.48 -0.73) (end 1.48 -0.73) (layer F.CrtYd) (width 0.05))
    (fp_line (start -1.48 0.73) (end -1.48 -0.73) (layer F.CrtYd) (width 0.05))
    (fp_line (start -0.14058 0.51) (end 0.14058 0.51) (layer F.SilkS) (width 0.12))
    (fp_line (start -0.14058 -0.51) (end 0.14058 -0.51) (layer F.SilkS) (width 0.12))
    (fp_line (start 0.8 0.4) (end -0.8 0.4) (layer F.Fab) (width 0.1))
    (fp_line (start 0.8 -0.4) (end 0.8 0.4) (layer F.Fab) (width 0.1))
    (fp_line (start -0.8 -0.4) (end 0.8 -0.4) (layer F.Fab) (width 0.1))
    (fp_line (start -0.8 0.4) (end -0.8 -0.4) (layer F.Fab) (width 0.1))
    (fp_text user %R (at 0 0) (layer F.Fab)
      (effects (font (size 0.4 0.4) (thickness 0.06)))
    )
    (pad 1 smd roundrect (at -0.775 0) (size 0.9 0.95) (layers F.Cu F.Paste F.Mask) (roundrect_rratio 0.25)
      (net 5 +3V3))
    (pad 2 smd roundrect (at 0.775 0) (size 0.9 0.95) (layers F.Cu F.Paste F.Mask) (roundrect_rratio 0.25)
      (net 1 GND))
    (model ${KISYS3DMOD}/Capacitor_SMD.3dshapes/C_0603_1608Metric.wrl
      (at (xyz 0 0 0))
      (scale (xyz 1 1 1))
      (rotate (xyz 0 0 0))
    )
  )

  (module Capacitor_SMD:C_0805_2012Metric (layer F.Cu) (tedit 5F68FEEE) (tstamp 6138536D)
    (at 85.27 60.97 180)
    (descr "Capacitor SMD 0805 (2012 Metric), square (rectangular) end terminal, IPC_7351 nominal, (Body size source: IPC-SM-782 page 76, https://www.pcb-3d.com/wordpress/wp-content/uploads/ipc-sm-782a_amendment_1_and_2.pdf, https://docs.google.com/spreadsheets/d/1BsfQQcO9C6DZCsRaXUlFlo91Tg2WpOkGARC1WS5S8t0/edit?usp=sharing), generated with kicad-footprint-generator")
    (tags capacitor)
    (path /5BAC8FCE)
    (attr smd)
    (fp_text reference C12 (at 0 1.788) (layer F.SilkS)
      (effects (font (size 1 1) (thickness 0.15)))
    )
    (fp_text value 4.7u (at 0 1.68) (layer F.Fab)
      (effects (font (size 1 1) (thickness 0.15)))
    )
    (fp_text user %R (at 0 0) (layer F.Fab)
      (effects (font (size 0.5 0.5) (thickness 0.08)))
    )
    (fp_line (start -1 0.625) (end -1 -0.625) (layer F.Fab) (width 0.1))
    (fp_line (start -1 -0.625) (end 1 -0.625) (layer F.Fab) (width 0.1))
    (fp_line (start 1 -0.625) (end 1 0.625) (layer F.Fab) (width 0.1))
    (fp_line (start 1 0.625) (end -1 0.625) (layer F.Fab) (width 0.1))
    (fp_line (start -0.261252 -0.735) (end 0.261252 -0.735) (layer F.SilkS) (width 0.12))
    (fp_line (start -0.261252 0.735) (end 0.261252 0.735) (layer F.SilkS) (width 0.12))
    (fp_line (start -1.7 0.98) (end -1.7 -0.98) (layer F.CrtYd) (width 0.05))
    (fp_line (start -1.7 -0.98) (end 1.7 -0.98) (layer F.CrtYd) (width 0.05))
    (fp_line (start 1.7 -0.98) (end 1.7 0.98) (layer F.CrtYd) (width 0.05))
    (fp_line (start 1.7 0.98) (end -1.7 0.98) (layer F.CrtYd) (width 0.05))
    (pad 2 smd roundrect (at 0.95 0 180) (size 1 1.45) (layers F.Cu F.Paste F.Mask) (roundrect_rratio 0.25)
      (net 1 GND))
    (pad 1 smd roundrect (at -0.95 0 180) (size 1 1.45) (layers F.Cu F.Paste F.Mask) (roundrect_rratio 0.25)
      (net 5 +3V3))
    (model ${KISYS3DMOD}/Capacitor_SMD.3dshapes/C_0805_2012Metric.wrl
      (at (xyz 0 0 0))
      (scale (xyz 1 1 1))
      (rotate (xyz 0 0 0))
    )
  )

  (module Capacitor_SMD:C_0603_1608Metric (layer F.Cu) (tedit 5F68FEEE) (tstamp 613855FE)
    (at 89.2 71.17 180)
    (descr "Capacitor SMD 0603 (1608 Metric), square (rectangular) end terminal, IPC_7351 nominal, (Body size source: IPC-SM-782 page 76, https://www.pcb-3d.com/wordpress/wp-content/uploads/ipc-sm-782a_amendment_1_and_2.pdf), generated with kicad-footprint-generator")
    (tags capacitor)
    (path /5BAD6AD1)
    (attr smd)
    (fp_text reference C13 (at 3.094 0.05) (layer F.SilkS)
      (effects (font (size 1 1) (thickness 0.15)))
    )
    (fp_text value 100n (at 0 1.43) (layer F.Fab)
      (effects (font (size 1 1) (thickness 0.15)))
    )
    (fp_line (start 1.48 0.73) (end -1.48 0.73) (layer F.CrtYd) (width 0.05))
    (fp_line (start 1.48 -0.73) (end 1.48 0.73) (layer F.CrtYd) (width 0.05))
    (fp_line (start -1.48 -0.73) (end 1.48 -0.73) (layer F.CrtYd) (width 0.05))
    (fp_line (start -1.48 0.73) (end -1.48 -0.73) (layer F.CrtYd) (width 0.05))
    (fp_line (start -0.14058 0.51) (end 0.14058 0.51) (layer F.SilkS) (width 0.12))
    (fp_line (start -0.14058 -0.51) (end 0.14058 -0.51) (layer F.SilkS) (width 0.12))
    (fp_line (start 0.8 0.4) (end -0.8 0.4) (layer F.Fab) (width 0.1))
    (fp_line (start 0.8 -0.4) (end 0.8 0.4) (layer F.Fab) (width 0.1))
    (fp_line (start -0.8 -0.4) (end 0.8 -0.4) (layer F.Fab) (width 0.1))
    (fp_line (start -0.8 0.4) (end -0.8 -0.4) (layer F.Fab) (width 0.1))
    (fp_text user %R (at 0 0) (layer F.Fab)
      (effects (font (size 0.4 0.4) (thickness 0.06)))
    )
    (pad 1 smd roundrect (at -0.775 0 180) (size 0.9 0.95) (layers F.Cu F.Paste F.Mask) (roundrect_rratio 0.25)
      (net 5 +3V3))
    (pad 2 smd roundrect (at 0.775 0 180) (size 0.9 0.95) (layers F.Cu F.Paste F.Mask) (roundrect_rratio 0.25)
      (net 1 GND))
    (model ${KISYS3DMOD}/Capacitor_SMD.3dshapes/C_0603_1608Metric.wrl
      (at (xyz 0 0 0))
      (scale (xyz 1 1 1))
      (rotate (xyz 0 0 0))
    )
  )

  (module Connector:Tag-Connect_TC2030-IDC-NL_2x03_P1.27mm_Vertical (layer F.Cu) (tedit 5A29CEA9) (tstamp 613853AA)
    (at 114.4 63.17 90)
    (descr "Tag-Connect programming header; http://www.tag-connect.com/Materials/TC2030-IDC-NL.pdf")
    (tags "tag connect programming header pogo pins")
    (path /5BAC85B9)
    (attr virtual)
    (fp_text reference J3 (at 0 2.7 90) (layer F.SilkS)
      (effects (font (size 1 1) (thickness 0.15)))
    )
    (fp_text value Conn_02x03_Odd_Even (at 0 -2.3 90) (layer F.Fab)
      (effects (font (size 1 1) (thickness 0.15)))
    )
    (fp_line (start 0.635 0.635) (end 1.27 0) (layer Dwgs.User) (width 0.1))
    (fp_line (start 0 0.635) (end 1.27 -0.635) (layer Dwgs.User) (width 0.1))
    (fp_line (start -0.635 0.635) (end 0.635 -0.635) (layer Dwgs.User) (width 0.1))
    (fp_line (start -1.27 0) (end -0.635 -0.635) (layer Dwgs.User) (width 0.1))
    (fp_line (start -1.27 0.635) (end 0 -0.635) (layer Dwgs.User) (width 0.1))
    (fp_line (start -1.27 -0.635) (end 1.27 -0.635) (layer Dwgs.User) (width 0.1))
    (fp_line (start 1.27 -0.635) (end 1.27 0.635) (layer Dwgs.User) (width 0.1))
    (fp_line (start 1.27 0.635) (end -1.27 0.635) (layer Dwgs.User) (width 0.1))
    (fp_line (start -1.27 0.635) (end -1.27 -0.635) (layer Dwgs.User) (width 0.1))
    (fp_line (start -3.5 -2) (end 3.5 -2) (layer F.CrtYd) (width 0.05))
    (fp_line (start 3.5 -2) (end 3.5 2) (layer F.CrtYd) (width 0.05))
    (fp_line (start 3.5 2) (end -3.5 2) (layer F.CrtYd) (width 0.05))
    (fp_line (start -3.5 2) (end -3.5 -2) (layer F.CrtYd) (width 0.05))
    (fp_line (start -1.27 1.27) (end -1.905 1.27) (layer F.SilkS) (width 0.12))
    (fp_line (start -1.905 1.27) (end -1.905 0.635) (layer F.SilkS) (width 0.12))
    (fp_text user %R (at 0 0 90) (layer F.Fab)
      (effects (font (size 1 1) (thickness 0.15)))
    )
    (fp_text user KEEPOUT (at 0 0 90) (layer Cmts.User)
      (effects (font (size 0.4 0.4) (thickness 0.07)))
    )
    (pad "" np_thru_hole circle (at 2.54 -1.016 90) (size 0.9906 0.9906) (drill 0.9906) (layers *.Cu *.Mask))
    (pad "" np_thru_hole circle (at 2.54 1.016 90) (size 0.9906 0.9906) (drill 0.9906) (layers *.Cu *.Mask))
